RLCraft_Vineyard,2816,2836,5372,5400
RLCraft_SmallUndergroundSkeleton,2778,2786,5377,5385
P_Village2Story,2801,2814,5393,5399
P_VillageLibrary,2781,2797,5393,5412
DesertHut,2928,2938,5299,5308
VillageWoodMill,2758,2774,5420,5433
VillageLargeLibrary,2768,2788,5444,5463
StoneMazePathBig,2948,2956,5342,5350
StoneMazeFountain,2957,2965,5342,5350
StoneMazePath,2981,2983,5348,5350
StoneMazePathBig,2957,2965,5333,5341
StoneMazePathBig,2966,2974,5354,5362
StoneMazeStudy,2966,2974,5339,5353
StoneMazePath,2960,2962,5351,5353
StoneMazePath,2972,2974,5345,5347
StoneMazePath,2957,2959,5351,5353
StoneMazePath,2960,2962,5354,5356
StoneMazePath,2978,2980,5348,5350
StoneMazePath,2975,2977,5348,5350
StoneMazePath,2975,2977,5351,5353
StoneMazePath,2966,2968,5327,5329
StoneMazePath,2978,2980,5345,5347
StoneMazePath,2978,2980,5351,5353
StoneMazePath,2963,2965,5327,5329
StoneMazePath,2951,2953,5339,5341
StoneMazePath,2951,2953,5336,5338
StoneMazePathBig,2975,2983,5354,5362
StoneMazePath,2957,2959,5354,5356
StoneMazePath,2960,2962,5327,5329
StoneMazePath,2975,2977,5345,5347
StoneMazePath,2954,2956,5354,5356
StoneMazePath,2951,2953,5351,5353
StoneMazePath,2957,2959,5327,5329
StoneMazePath,2951,2953,5333,5335
StoneMazePath,2954,2956,5351,5353
StoneMazePath,2954,2956,5339,5341
StoneMazePath,2951,2953,5354,5356
StoneMazePath,2963,2965,5351,5353
StoneMazePath,2963,2965,5354,5356
StoneMazePath,2951,2953,5357,5359
StoneMazePath,2954,2956,5357,5359
StoneMazePath,2963,2965,5357,5359
StoneMazePath,2948,2950,5351,5353
StoneMazePath,2948,2950,5357,5359
StoneMazePath,2951,2953,5360,5362
StoneMazePath,2948,2950,5354,5356
StoneMazeEndChest,2954,2956,5327,5329
StoneMazePath,2954,2956,5336,5338
StoneMazePath,2960,2962,5330,5332
StoneMazePath,2954,2956,5360,5362
StoneMazePath,2951,2953,5330,5332
StoneMazeSpiderRoom,2975,2980,5339,5344
StoneMazePath,2951,2953,5327,5329
StoneMazePath,2963,2965,5360,5362
StoneMazePath,2957,2959,5330,5332
StoneMazePath,2948,2950,5330,5332
StoneMazePath,2957,2959,5360,5362
StoneMazePath,2963,2965,5330,5332
StoneMazePath,2960,2962,5360,5362
StoneMazePath,2960,2962,5357,5359
StoneMazePath,2954,2956,5330,5332
StoneMazeEndChest,2948,2950,5327,5329
StoneMazePath,2954,2956,5333,5335
StoneMaze,2948,2983,5327,5362
P_VillageFarmhouse,2728,2740,5414,5426
RLCraft_DecentZombie,2705,2705,5275,5275
RLCraft_UndergroundRuin3,2703,2711,5272,5280
SeasonsGreenhouse,2736,2746,5444,5456
